GENER
  A 1WEL 1    0    0    0  279     MASS                                         
 0.0000000e+00 4.3200000e+04 8.6400000e+04 1.2960000e+05
 1.7280000e+05 2.1600000e+05 2.5920000e+05 3.0240000e+05
 3.4560000e+05 3.8880000e+05 4.3200000e+05 4.7520000e+05
 5.1840000e+05 5.6160000e+05 6.0480000e+05 6.4800000e+05
 6.9120000e+05 7.3440000e+05 7.7760000e+05 8.2080000e+05
 8.6400000e+05 9.0720000e+05 9.5040000e+05 9.9360000e+05
 1.0368000e+06 1.0800000e+06 1.1232000e+06 1.1664000e+06
 1.2096000e+06 1.2528000e+06 1.2960000e+06 1.3392000e+06
 1.3824000e+06 1.4256000e+06 1.4688000e+06 1.5120000e+06
 1.5552000e+06 1.5984000e+06 1.6416000e+06 1.6848000e+06
 1.7280000e+06 1.7712000e+06 1.8144000e+06 1.8576000e+06
 1.9008000e+06 1.9440000e+06 1.9872000e+06 2.0304000e+06
 2.0736000e+06 2.1168000e+06 2.1600000e+06 2.2032000e+06
 2.2464000e+06 2.2896000e+06 2.3328000e+06 2.3760000e+06
 2.4192000e+06 2.4624000e+06 2.5056000e+06 2.5488000e+06
 2.5920000e+06 2.6352000e+06 2.6784000e+06 2.7216000e+06
 2.7648000e+06 2.8080000e+06 2.8512000e+06 2.8944000e+06
 2.9376000e+06 2.9808000e+06 3.0240000e+06 3.0672000e+06
 3.1104000e+06 3.1536000e+06 3.1968000e+06 3.2400000e+06
 3.2832000e+06 3.3264000e+06 3.3696000e+06 3.4128000e+06
 3.4560000e+06 3.4992000e+06 3.5424000e+06 3.5856000e+06
 3.6288000e+06 3.6720000e+06 3.7152000e+06 3.7584000e+06
 3.8016000e+06 3.8448000e+06 3.8880000e+06 3.9312000e+06
 3.9744000e+06 4.0176000e+06 4.0608000e+06 4.1040000e+06
 4.1472000e+06 4.1904000e+06 4.2336000e+06 4.2768000e+06
 4.3200000e+06 4.3632000e+06 4.4064000e+06 4.4496000e+06
 4.4928000e+06 4.5360000e+06 4.5792000e+06 4.6224000e+06
 4.6656000e+06 4.7088000e+06 4.7520000e+06 4.7952000e+06
 4.8384000e+06 4.8816000e+06 4.9248000e+06 4.9680000e+06
 5.0112000e+06 5.0544000e+06 5.0976000e+06 5.1408000e+06
 5.1840000e+06 5.2272000e+06 5.2704000e+06 5.3136000e+06
 5.3568000e+06 5.4000000e+06 5.4432000e+06 5.4864000e+06
 5.5296000e+06 5.5728000e+06 5.6160000e+06 5.6592000e+06
 5.7024000e+06 5.7456000e+06 5.7888000e+06 5.8320000e+06
 5.8752000e+06 5.9184000e+06 5.9616000e+06 6.0048000e+06
 6.0480000e+06 6.0912000e+06 6.1344000e+06 6.1776000e+06
 6.2208000e+06 6.2640000e+06 6.3072000e+06 6.3504000e+06
 6.3936000e+06 6.4368000e+06 6.4800000e+06 6.5232000e+06
 6.5664000e+06 6.6096000e+06 6.6528000e+06 6.6960000e+06
 6.7392000e+06 6.7824000e+06 6.8256000e+06 6.8688000e+06
 6.9120000e+06 6.9552000e+06 6.9984000e+06 7.0416000e+06
 7.0848000e+06 7.1280000e+06 7.1712000e+06 7.2144000e+06
 7.2576000e+06 7.3008000e+06 7.3440000e+06 7.3872000e+06
 7.4304000e+06 7.4736000e+06 7.5168000e+06 7.5600000e+06
 7.6032000e+06 7.6464000e+06 7.6896000e+06 7.7328000e+06
 7.7760000e+06 7.8192000e+06 7.8624000e+06 7.9056000e+06
 7.9488000e+06 7.9920000e+06 8.0352000e+06 8.0784000e+06
 8.1216000e+06 8.1648000e+06 8.2080000e+06 8.2512000e+06
 8.2944000e+06 8.3376000e+06 8.3808000e+06 8.4240000e+06
 8.4672000e+06 8.5104000e+06 8.5536000e+06 8.5968000e+06
 8.6400000e+06 8.6832000e+06 8.7264000e+06 8.7696000e+06
 8.8128000e+06 8.8560000e+06 8.8992000e+06 8.9424000e+06
 8.9856000e+06 9.0288000e+06 9.0720000e+06 9.1152000e+06
 9.1584000e+06 9.2016000e+06 9.2448000e+06 9.2880000e+06
 9.3312000e+06 9.3744000e+06 9.4176000e+06 9.4608000e+06
 9.5040000e+06 9.5472000e+06 9.5904000e+06 9.6336000e+06
 9.6768000e+06 9.7200000e+06 9.7632000e+06 9.8064000e+06
 9.8496000e+06 9.8928000e+06 9.9360000e+06 9.9792000e+06
 1.0022400e+07 1.0065600e+07 1.0108800e+07 1.0152000e+07
 1.0195200e+07 1.0238400e+07 1.0281600e+07 1.0324800e+07
 1.0368000e+07 1.0411200e+07 1.0454400e+07 1.0497600e+07
 1.0540800e+07 1.0584000e+07 1.0627200e+07 1.0670400e+07
 1.0713600e+07 1.0756800e+07 1.0800000e+07 1.0843200e+07
 1.0886400e+07 1.0929600e+07 1.0972800e+07 1.1016000e+07
 1.1059200e+07 1.1102400e+07 1.1145600e+07 1.1188800e+07
 1.1232000e+07 1.1275200e+07 1.1318400e+07 1.1361600e+07
 1.1404800e+07 1.1448000e+07 1.1491200e+07 1.1534400e+07
 1.1577600e+07 1.1620800e+07 1.1664000e+07 1.1707200e+07
 1.1750400e+07 1.1793600e+07 1.1836800e+07 1.1880000e+07
 1.1923200e+07 1.1966400e+07 1.2009600e+07
-5.8194440e+00-5.1388890e+00-5.1944440e+00-5.2500000e+00
-4.6944440e+00-4.1388890e+00-3.8888890e+00-3.6388890e+00
-3.5694440e+00-3.5000000e+00-3.6388890e+00-3.7777780e+00
-3.7222220e+00-3.6666670e+00-3.4444440e+00-3.2222220e+00
-3.2500000e+00-3.2777780e+00-3.7083330e+00-4.1388890e+00
-3.8472220e+00-3.5555560e+00-3.5138890e+00-3.4722220e+00
-3.5833330e+00-3.6944440e+00-3.5555560e+00-3.4166670e+00
-3.7638890e+00-4.1111110e+00-3.7777780e+00-3.4444440e+00
-3.6111110e+00-3.7777780e+00-3.5277780e+00-3.2777780e+00
-3.3055560e+00-3.3333330e+00-3.2916670e+00-3.2500000e+00
-3.3055560e+00-3.3611110e+00-3.2916670e+00-3.2222220e+00
-3.2638890e+00-3.3055560e+00-3.5277780e+00-3.7500000e+00
-3.4583330e+00-3.1666670e+00-3.2916670e+00-3.4166670e+00
-3.4166670e+00-3.4166670e+00-3.4722220e+00-3.5277780e+00
-3.3194440e+00-3.1111110e+00-3.1111110e+00-3.1111110e+00
-3.3888890e+00-3.6666670e+00-3.1527780e+00-2.6388890e+00
-2.7500000e+00-2.8611110e+00-2.8333330e+00-2.8055560e+00
-2.8055560e+00-2.8055560e+00-3.0972220e+00-3.3888890e+00
-3.1805560e+00-2.9722220e+00-3.0694440e+00-3.1666670e+00
-3.1250000e+00-3.0833330e+00-3.0416670e+00-3.0000000e+00
-2.9583330e+00-2.9166670e+00-2.9583330e+00-3.0000000e+00
-3.0694440e+00-3.1388890e+00-3.0972220e+00-3.0555560e+00
-2.9861110e+00-2.9166670e+00-2.8611110e+00-2.8055560e+00
-3.0138890e+00-3.2222220e+00-3.1250000e+00-3.0277780e+00
-1.5138890e+00 0.0000000e+00 0.0000000e+00 0.0000000e+00
 0.0000000e+00 0.0000000e+00-1.9861110e+00-3.9722220e+00
-3.8750000e+00-3.7777780e+00-3.8750000e+00-3.9722220e+00
-3.7777780e+00-3.5833330e+00-1.7916670e+00 0.0000000e+00
-2.1527780e+00-4.3055560e+00-4.2222220e+00-4.1388890e+00
-4.0833330e+00-4.0277780e+00-4.0416670e+00-4.0555560e+00
-4.0694440e+00-4.0833330e+00-4.1666670e+00-4.2500000e+00
-4.3472220e+00-4.4444440e+00-4.5277780e+00-4.6111110e+00
-4.5000000e+00-4.3888890e+00-4.4027780e+00-4.4166670e+00
-4.3194440e+00-4.2222220e+00-4.2777780e+00-4.3333330e+00
-4.2777780e+00-4.2222220e+00-4.3888890e+00-4.5555560e+00
-4.5000000e+00-4.4444440e+00-4.5000000e+00-4.5555560e+00
-4.3611110e+00-4.1666670e+00-4.3888890e+00-4.6111110e+00
-4.5000000e+00-4.3888890e+00-4.2777780e+00-4.1666670e+00
-4.1666670e+00-4.1666670e+00-4.0833330e+00-4.0000000e+00
-4.0555560e+00-4.1111110e+00-3.8750000e+00-3.6388890e+00
-3.6111110e+00-3.5833330e+00-3.1527780e+00-2.7222220e+00
-2.9305560e+00-3.1388890e+00-3.0416670e+00-2.9444440e+00
-2.7222220e+00-2.5000000e+00-2.5138890e+00-2.5277780e+00
-2.5138890e+00-2.5000000e+00-2.1666670e+00-1.8333330e+00
-1.7361110e+00-1.6388890e+00-1.6666670e+00-1.6944440e+00
-1.4722220e+00-1.2500000e+00-1.5416670e+00-1.8333330e+00
-1.7777780e+00-1.7222220e+00-1.6944440e+00-1.6666670e+00
-1.8055560e+00-1.9444440e+00-1.9027780e+00-1.8611110e+00
-1.8333330e+00-1.8055560e+00-9.0277780e-01 0.0000000e+00
 0.0000000e+00 0.0000000e+00 0.0000000e+00 0.0000000e+00
 0.0000000e+00 0.0000000e+00 0.0000000e+00 0.0000000e+00
 0.0000000e+00 0.0000000e+00 0.0000000e+00 0.0000000e+00
 0.0000000e+00 0.0000000e+00-3.6805560e+00-7.3611110e+00
-9.4444440e+00-1.1527780e+01-1.1541670e+01-1.1555560e+01
-1.1513890e+01-1.1472220e+01-1.1333330e+01-1.1194440e+01
-1.1055560e+01-1.0916670e+01-1.0736110e+01-1.0555560e+01
-1.0375000e+01-1.0194440e+01-1.0305560e+01-1.0416670e+01
-1.0277780e+01-1.0138890e+01-1.0000000e+01-9.8611110e+00
-9.9583330e+00-1.0055560e+01-1.0375000e+01-1.0694440e+01
-9.7916670e+00-8.8888890e+00-8.8472220e+00-8.8055560e+00
-8.7777780e+00-8.7500000e+00-8.8888890e+00-9.0277780e+00
-9.0277780e+00-9.0277780e+00-9.2361110e+00-9.4444440e+00
-9.5138890e+00-9.5833330e+00-9.3333330e+00-9.0833330e+00
-9.1527780e+00-9.2222220e+00-9.3333330e+00-9.4444440e+00
-9.3750000e+00-9.3055560e+00-9.1805560e+00-9.0555560e+00
-9.0416670e+00-9.0277780e+00-8.9583330e+00-8.8888890e+00
-9.0972220e+00-9.3055560e+00-9.0972220e+00-8.8888890e+00
-8.9861110e+00-9.0833330e+00-9.1527780e+00-9.2222220e+00
-9.2638890e+00-9.3055560e+00-9.3750000e+00-9.4444440e+00
-9.2361110e+00-9.0277780e+00-9.0277780e+00
+++  
       1
